{
 "cells": [
  {
   "cell_type": "code",
   "execution_count": 1,
   "id": "subject-manchester",
   "metadata": {},
   "outputs": [],
   "source": [
    "import pandas as pd\n",
    "import numpy as np\n",
    "from xgboost import XGBRegressor\n",
    "from sklearn.metrics import r2_score\n",
    "\n",
    "df= pd.read_excel('sensor_data3.xlsx')  "
   ]
  },
  {
   "cell_type": "markdown",
   "id": "unable-columbia",
   "metadata": {},
   "source": [
    "## Özet\n",
    "\n",
    "* CO2 korelasyonlarını inceledim. HumidityRatio korelasyanu çok olduğu için, ek özellik olarak 750 periyotlu RSI indikatörüne girmiş HumidityRatio'dan, rsi_HumidityRatio_750 kolonunu elde ettim. Yüksek koreleli bir özellik daha kazanmış oldum\n",
    "*\n",
    "* Gereksiz oluşan sütunları dropladıktan sonra %80 e %20 ayırdığım veri setimi eğittim.\n",
    "*\n",
    "* Sizin istediğiniz bir sonraki değer (Actual Value) 478.0 iken  ben (Predicted Value) 471.030517578125 tahmin ettim.\n",
    "*\n",
    "* %20lik eğitim setinde r2 skoru ise 0.9043599336586803\n",
    "*\n",
    "* Geleceğe dair Temperature, Humidity, Light, HumidityRatio, Occupancy değerlerini tahminlerine (meteoroloji tahminlerine) göre bundan sonra ki  gelecek CO2 değerlerini tahmin edebiliriz. \n",
    " \n",
    "\n"
   ]
  },
  {
   "cell_type": "code",
   "execution_count": 2,
   "id": "original-magnet",
   "metadata": {},
   "outputs": [
    {
     "data": {
      "text/html": [
       "<div>\n",
       "<style scoped>\n",
       "    .dataframe tbody tr th:only-of-type {\n",
       "        vertical-align: middle;\n",
       "    }\n",
       "\n",
       "    .dataframe tbody tr th {\n",
       "        vertical-align: top;\n",
       "    }\n",
       "\n",
       "    .dataframe thead th {\n",
       "        text-align: right;\n",
       "    }\n",
       "</style>\n",
       "<table border=\"1\" class=\"dataframe\">\n",
       "  <thead>\n",
       "    <tr style=\"text-align: right;\">\n",
       "      <th></th>\n",
       "      <th>ID</th>\n",
       "      <th>date</th>\n",
       "      <th>Temperature</th>\n",
       "      <th>Humidity</th>\n",
       "      <th>Light</th>\n",
       "      <th>CO2</th>\n",
       "      <th>HumidityRatio</th>\n",
       "      <th>Occupancy</th>\n",
       "    </tr>\n",
       "  </thead>\n",
       "  <tbody>\n",
       "    <tr>\n",
       "      <th>0</th>\n",
       "      <td>140</td>\n",
       "      <td>2.02.2015 14:19</td>\n",
       "      <td>23.7000</td>\n",
       "      <td>26.272</td>\n",
       "      <td>585.200000</td>\n",
       "      <td>749.200000</td>\n",
       "      <td>0.004764</td>\n",
       "      <td>1</td>\n",
       "    </tr>\n",
       "    <tr>\n",
       "      <th>1</th>\n",
       "      <td>141</td>\n",
       "      <td>2.02.2015 14:19</td>\n",
       "      <td>23.7180</td>\n",
       "      <td>26.290</td>\n",
       "      <td>578.400000</td>\n",
       "      <td>760.400000</td>\n",
       "      <td>0.004773</td>\n",
       "      <td>1</td>\n",
       "    </tr>\n",
       "    <tr>\n",
       "      <th>2</th>\n",
       "      <td>142</td>\n",
       "      <td>2.02.2015 14:21</td>\n",
       "      <td>23.7300</td>\n",
       "      <td>26.230</td>\n",
       "      <td>572.666667</td>\n",
       "      <td>769.666667</td>\n",
       "      <td>0.004765</td>\n",
       "      <td>1</td>\n",
       "    </tr>\n",
       "    <tr>\n",
       "      <th>3</th>\n",
       "      <td>143</td>\n",
       "      <td>2.02.2015 14:22</td>\n",
       "      <td>23.7225</td>\n",
       "      <td>26.125</td>\n",
       "      <td>493.750000</td>\n",
       "      <td>774.750000</td>\n",
       "      <td>0.004744</td>\n",
       "      <td>1</td>\n",
       "    </tr>\n",
       "    <tr>\n",
       "      <th>4</th>\n",
       "      <td>144</td>\n",
       "      <td>2.02.2015 14:23</td>\n",
       "      <td>23.7540</td>\n",
       "      <td>26.200</td>\n",
       "      <td>488.600000</td>\n",
       "      <td>779.000000</td>\n",
       "      <td>0.004767</td>\n",
       "      <td>1</td>\n",
       "    </tr>\n",
       "  </tbody>\n",
       "</table>\n",
       "</div>"
      ],
      "text/plain": [
       "    ID             date  Temperature  Humidity       Light         CO2  \\\n",
       "0  140  2.02.2015 14:19      23.7000    26.272  585.200000  749.200000   \n",
       "1  141  2.02.2015 14:19      23.7180    26.290  578.400000  760.400000   \n",
       "2  142  2.02.2015 14:21      23.7300    26.230  572.666667  769.666667   \n",
       "3  143  2.02.2015 14:22      23.7225    26.125  493.750000  774.750000   \n",
       "4  144  2.02.2015 14:23      23.7540    26.200  488.600000  779.000000   \n",
       "\n",
       "   HumidityRatio  Occupancy  \n",
       "0       0.004764          1  \n",
       "1       0.004773          1  \n",
       "2       0.004765          1  \n",
       "3       0.004744          1  \n",
       "4       0.004767          1  "
      ]
     },
     "execution_count": 2,
     "metadata": {},
     "output_type": "execute_result"
    }
   ],
   "source": [
    "df.head()"
   ]
  },
  {
   "cell_type": "code",
   "execution_count": 3,
   "id": "personalized-worry",
   "metadata": {},
   "outputs": [
    {
     "name": "stdout",
     "output_type": "stream",
     "text": [
      "<class 'pandas.core.frame.DataFrame'>\n",
      "RangeIndex: 2665 entries, 0 to 2664\n",
      "Data columns (total 8 columns):\n",
      " #   Column         Non-Null Count  Dtype  \n",
      "---  ------         --------------  -----  \n",
      " 0   ID             2665 non-null   int64  \n",
      " 1   date           2665 non-null   object \n",
      " 2   Temperature    2665 non-null   float64\n",
      " 3   Humidity       2665 non-null   float64\n",
      " 4   Light          2665 non-null   float64\n",
      " 5   CO2            2665 non-null   float64\n",
      " 6   HumidityRatio  2665 non-null   float64\n",
      " 7   Occupancy      2665 non-null   int64  \n",
      "dtypes: float64(5), int64(2), object(1)\n",
      "memory usage: 166.7+ KB\n"
     ]
    }
   ],
   "source": [
    "df.info() # eksik veri kontrol"
   ]
  },
  {
   "cell_type": "code",
   "execution_count": 4,
   "id": "selective-camping",
   "metadata": {},
   "outputs": [
    {
     "data": {
      "text/html": [
       "<div>\n",
       "<style scoped>\n",
       "    .dataframe tbody tr th:only-of-type {\n",
       "        vertical-align: middle;\n",
       "    }\n",
       "\n",
       "    .dataframe tbody tr th {\n",
       "        vertical-align: top;\n",
       "    }\n",
       "\n",
       "    .dataframe thead th {\n",
       "        text-align: right;\n",
       "    }\n",
       "</style>\n",
       "<table border=\"1\" class=\"dataframe\">\n",
       "  <thead>\n",
       "    <tr style=\"text-align: right;\">\n",
       "      <th></th>\n",
       "      <th>ID</th>\n",
       "      <th>Temperature</th>\n",
       "      <th>Humidity</th>\n",
       "      <th>Light</th>\n",
       "      <th>CO2</th>\n",
       "      <th>HumidityRatio</th>\n",
       "      <th>Occupancy</th>\n",
       "    </tr>\n",
       "  </thead>\n",
       "  <tbody>\n",
       "    <tr>\n",
       "      <th>ID</th>\n",
       "      <td>1.000000</td>\n",
       "      <td>-0.129836</td>\n",
       "      <td>0.126336</td>\n",
       "      <td>0.009064</td>\n",
       "      <td>-0.016860</td>\n",
       "      <td>0.040535</td>\n",
       "      <td>-0.019483</td>\n",
       "    </tr>\n",
       "    <tr>\n",
       "      <th>Temperature</th>\n",
       "      <td>-0.129836</td>\n",
       "      <td>1.000000</td>\n",
       "      <td>0.602086</td>\n",
       "      <td>0.561529</td>\n",
       "      <td>0.765439</td>\n",
       "      <td>0.749252</td>\n",
       "      <td>0.542966</td>\n",
       "    </tr>\n",
       "    <tr>\n",
       "      <th>Humidity</th>\n",
       "      <td>0.126336</td>\n",
       "      <td>0.602086</td>\n",
       "      <td>1.000000</td>\n",
       "      <td>0.457272</td>\n",
       "      <td>0.756236</td>\n",
       "      <td>0.855223</td>\n",
       "      <td>0.509022</td>\n",
       "    </tr>\n",
       "    <tr>\n",
       "      <th>Light</th>\n",
       "      <td>0.009064</td>\n",
       "      <td>0.561529</td>\n",
       "      <td>0.457272</td>\n",
       "      <td>1.000000</td>\n",
       "      <td>0.572656</td>\n",
       "      <td>0.515911</td>\n",
       "      <td>0.841183</td>\n",
       "    </tr>\n",
       "    <tr>\n",
       "      <th>CO2</th>\n",
       "      <td>-0.016860</td>\n",
       "      <td>0.765439</td>\n",
       "      <td>0.756236</td>\n",
       "      <td>0.572656</td>\n",
       "      <td>1.000000</td>\n",
       "      <td>0.846367</td>\n",
       "      <td>0.602233</td>\n",
       "    </tr>\n",
       "    <tr>\n",
       "      <th>HumidityRatio</th>\n",
       "      <td>0.040535</td>\n",
       "      <td>0.749252</td>\n",
       "      <td>0.855223</td>\n",
       "      <td>0.515911</td>\n",
       "      <td>0.846367</td>\n",
       "      <td>1.000000</td>\n",
       "      <td>0.552261</td>\n",
       "    </tr>\n",
       "    <tr>\n",
       "      <th>Occupancy</th>\n",
       "      <td>-0.019483</td>\n",
       "      <td>0.542966</td>\n",
       "      <td>0.509022</td>\n",
       "      <td>0.841183</td>\n",
       "      <td>0.602233</td>\n",
       "      <td>0.552261</td>\n",
       "      <td>1.000000</td>\n",
       "    </tr>\n",
       "  </tbody>\n",
       "</table>\n",
       "</div>"
      ],
      "text/plain": [
       "                     ID  Temperature  Humidity     Light       CO2  \\\n",
       "ID             1.000000    -0.129836  0.126336  0.009064 -0.016860   \n",
       "Temperature   -0.129836     1.000000  0.602086  0.561529  0.765439   \n",
       "Humidity       0.126336     0.602086  1.000000  0.457272  0.756236   \n",
       "Light          0.009064     0.561529  0.457272  1.000000  0.572656   \n",
       "CO2           -0.016860     0.765439  0.756236  0.572656  1.000000   \n",
       "HumidityRatio  0.040535     0.749252  0.855223  0.515911  0.846367   \n",
       "Occupancy     -0.019483     0.542966  0.509022  0.841183  0.602233   \n",
       "\n",
       "               HumidityRatio  Occupancy  \n",
       "ID                  0.040535  -0.019483  \n",
       "Temperature         0.749252   0.542966  \n",
       "Humidity            0.855223   0.509022  \n",
       "Light               0.515911   0.841183  \n",
       "CO2                 0.846367   0.602233  \n",
       "HumidityRatio       1.000000   0.552261  \n",
       "Occupancy           0.552261   1.000000  "
      ]
     },
     "execution_count": 4,
     "metadata": {},
     "output_type": "execute_result"
    }
   ],
   "source": [
    "df.corr(method ='kendall')"
   ]
  },
  {
   "cell_type": "code",
   "execution_count": 5,
   "id": "hawaiian-balance",
   "metadata": {},
   "outputs": [],
   "source": [
    "# RSI hesaplama\n",
    "\n",
    "n = 750 #en optimum periyot değeri\n",
    "def rma(x, n, y0):\n",
    "    a = (n-1) / n\n",
    "    ak = a**np.arange(len(x)-1, -1, -1)\n",
    "    return np.r_[np.full(n, np.nan), y0, np.cumsum(ak * x) / ak / n + y0 * a**np.arange(1, len(x)+1)]\n",
    "\n",
    "df['change'] = df['HumidityRatio'].diff()\n",
    "df['gain'] = df.change.mask(df.change < 0, 0.0)\n",
    "df['loss'] = -df.change.mask(df.change > 0, -0.0)\n",
    "df['avg_gain'] = rma(df.gain[n+1:].to_numpy(), n, np.nansum(df.gain.to_numpy()[:n+1])/n)\n",
    "df['avg_loss'] = rma(df.loss[n+1:].to_numpy(), n, np.nansum(df.loss.to_numpy()[:n+1])/n)\n",
    "df['rs'] = df.avg_gain / df.avg_loss\n",
    "df['rsi_HumidityRatio_750'] = 100 - (100 / (1 + df.rs))"
   ]
  },
  {
   "cell_type": "code",
   "execution_count": 6,
   "id": "cultural-think",
   "metadata": {},
   "outputs": [
    {
     "data": {
      "text/html": [
       "<div>\n",
       "<style scoped>\n",
       "    .dataframe tbody tr th:only-of-type {\n",
       "        vertical-align: middle;\n",
       "    }\n",
       "\n",
       "    .dataframe tbody tr th {\n",
       "        vertical-align: top;\n",
       "    }\n",
       "\n",
       "    .dataframe thead th {\n",
       "        text-align: right;\n",
       "    }\n",
       "</style>\n",
       "<table border=\"1\" class=\"dataframe\">\n",
       "  <thead>\n",
       "    <tr style=\"text-align: right;\">\n",
       "      <th></th>\n",
       "      <th>ID</th>\n",
       "      <th>Temperature</th>\n",
       "      <th>Humidity</th>\n",
       "      <th>Light</th>\n",
       "      <th>CO2</th>\n",
       "      <th>HumidityRatio</th>\n",
       "      <th>Occupancy</th>\n",
       "      <th>change</th>\n",
       "      <th>gain</th>\n",
       "      <th>loss</th>\n",
       "      <th>avg_gain</th>\n",
       "      <th>avg_loss</th>\n",
       "      <th>rs</th>\n",
       "      <th>rsi_HumidityRatio_750</th>\n",
       "    </tr>\n",
       "  </thead>\n",
       "  <tbody>\n",
       "    <tr>\n",
       "      <th>ID</th>\n",
       "      <td>1.000000</td>\n",
       "      <td>-0.129836</td>\n",
       "      <td>0.126336</td>\n",
       "      <td>0.009064</td>\n",
       "      <td>-0.016860</td>\n",
       "      <td>0.040535</td>\n",
       "      <td>-0.019483</td>\n",
       "      <td>0.043405</td>\n",
       "      <td>0.018391</td>\n",
       "      <td>-0.053224</td>\n",
       "      <td>-0.070966</td>\n",
       "      <td>-0.370545</td>\n",
       "      <td>0.067201</td>\n",
       "      <td>0.067225</td>\n",
       "    </tr>\n",
       "    <tr>\n",
       "      <th>Temperature</th>\n",
       "      <td>-0.129836</td>\n",
       "      <td>1.000000</td>\n",
       "      <td>0.602086</td>\n",
       "      <td>0.561529</td>\n",
       "      <td>0.765439</td>\n",
       "      <td>0.749252</td>\n",
       "      <td>0.542966</td>\n",
       "      <td>0.013703</td>\n",
       "      <td>0.115672</td>\n",
       "      <td>0.082642</td>\n",
       "      <td>0.775576</td>\n",
       "      <td>-0.309330</td>\n",
       "      <td>0.781232</td>\n",
       "      <td>0.781338</td>\n",
       "    </tr>\n",
       "    <tr>\n",
       "      <th>Humidity</th>\n",
       "      <td>0.126336</td>\n",
       "      <td>0.602086</td>\n",
       "      <td>1.000000</td>\n",
       "      <td>0.457272</td>\n",
       "      <td>0.756236</td>\n",
       "      <td>0.855223</td>\n",
       "      <td>0.509022</td>\n",
       "      <td>0.015602</td>\n",
       "      <td>0.091598</td>\n",
       "      <td>0.056633</td>\n",
       "      <td>0.777783</td>\n",
       "      <td>-0.281212</td>\n",
       "      <td>0.790560</td>\n",
       "      <td>0.790666</td>\n",
       "    </tr>\n",
       "    <tr>\n",
       "      <th>Light</th>\n",
       "      <td>0.009064</td>\n",
       "      <td>0.561529</td>\n",
       "      <td>0.457272</td>\n",
       "      <td>1.000000</td>\n",
       "      <td>0.572656</td>\n",
       "      <td>0.515911</td>\n",
       "      <td>0.841183</td>\n",
       "      <td>0.141046</td>\n",
       "      <td>0.249500</td>\n",
       "      <td>-0.014246</td>\n",
       "      <td>0.431744</td>\n",
       "      <td>-0.492495</td>\n",
       "      <td>0.543756</td>\n",
       "      <td>0.543830</td>\n",
       "    </tr>\n",
       "    <tr>\n",
       "      <th>CO2</th>\n",
       "      <td>-0.016860</td>\n",
       "      <td>0.765439</td>\n",
       "      <td>0.756236</td>\n",
       "      <td>0.572656</td>\n",
       "      <td>1.000000</td>\n",
       "      <td>0.846367</td>\n",
       "      <td>0.602233</td>\n",
       "      <td>0.018200</td>\n",
       "      <td>0.120511</td>\n",
       "      <td>0.077842</td>\n",
       "      <td>0.773691</td>\n",
       "      <td>-0.355425</td>\n",
       "      <td>0.839695</td>\n",
       "      <td>0.839825</td>\n",
       "    </tr>\n",
       "    <tr>\n",
       "      <th>HumidityRatio</th>\n",
       "      <td>0.040535</td>\n",
       "      <td>0.749252</td>\n",
       "      <td>0.855223</td>\n",
       "      <td>0.515911</td>\n",
       "      <td>0.846367</td>\n",
       "      <td>1.000000</td>\n",
       "      <td>0.552261</td>\n",
       "      <td>0.019252</td>\n",
       "      <td>0.111124</td>\n",
       "      <td>0.067610</td>\n",
       "      <td>0.838654</td>\n",
       "      <td>-0.315980</td>\n",
       "      <td>0.850491</td>\n",
       "      <td>0.850606</td>\n",
       "    </tr>\n",
       "    <tr>\n",
       "      <th>Occupancy</th>\n",
       "      <td>-0.019483</td>\n",
       "      <td>0.542966</td>\n",
       "      <td>0.509022</td>\n",
       "      <td>0.841183</td>\n",
       "      <td>0.602233</td>\n",
       "      <td>0.552261</td>\n",
       "      <td>1.000000</td>\n",
       "      <td>0.158058</td>\n",
       "      <td>0.274039</td>\n",
       "      <td>-0.024873</td>\n",
       "      <td>0.458567</td>\n",
       "      <td>-0.507898</td>\n",
       "      <td>0.572009</td>\n",
       "      <td>0.572085</td>\n",
       "    </tr>\n",
       "    <tr>\n",
       "      <th>change</th>\n",
       "      <td>0.043405</td>\n",
       "      <td>0.013703</td>\n",
       "      <td>0.015602</td>\n",
       "      <td>0.141046</td>\n",
       "      <td>0.018200</td>\n",
       "      <td>0.019252</td>\n",
       "      <td>0.158058</td>\n",
       "      <td>1.000000</td>\n",
       "      <td>0.801303</td>\n",
       "      <td>-0.808208</td>\n",
       "      <td>0.001038</td>\n",
       "      <td>-0.105934</td>\n",
       "      <td>0.048119</td>\n",
       "      <td>0.048119</td>\n",
       "    </tr>\n",
       "    <tr>\n",
       "      <th>gain</th>\n",
       "      <td>0.018391</td>\n",
       "      <td>0.115672</td>\n",
       "      <td>0.091598</td>\n",
       "      <td>0.249500</td>\n",
       "      <td>0.120511</td>\n",
       "      <td>0.111124</td>\n",
       "      <td>0.274039</td>\n",
       "      <td>0.801303</td>\n",
       "      <td>1.000000</td>\n",
       "      <td>-0.455959</td>\n",
       "      <td>0.086411</td>\n",
       "      <td>-0.167391</td>\n",
       "      <td>0.138346</td>\n",
       "      <td>0.138361</td>\n",
       "    </tr>\n",
       "    <tr>\n",
       "      <th>loss</th>\n",
       "      <td>-0.053224</td>\n",
       "      <td>0.082642</td>\n",
       "      <td>0.056633</td>\n",
       "      <td>-0.014246</td>\n",
       "      <td>0.077842</td>\n",
       "      <td>0.067610</td>\n",
       "      <td>-0.024873</td>\n",
       "      <td>-0.808208</td>\n",
       "      <td>-0.455959</td>\n",
       "      <td>1.000000</td>\n",
       "      <td>0.089383</td>\n",
       "      <td>0.022289</td>\n",
       "      <td>0.054357</td>\n",
       "      <td>0.054370</td>\n",
       "    </tr>\n",
       "    <tr>\n",
       "      <th>avg_gain</th>\n",
       "      <td>-0.070966</td>\n",
       "      <td>0.775576</td>\n",
       "      <td>0.777783</td>\n",
       "      <td>0.431744</td>\n",
       "      <td>0.773691</td>\n",
       "      <td>0.838654</td>\n",
       "      <td>0.458567</td>\n",
       "      <td>0.001038</td>\n",
       "      <td>0.086411</td>\n",
       "      <td>0.089383</td>\n",
       "      <td>1.000000</td>\n",
       "      <td>-0.172312</td>\n",
       "      <td>0.728471</td>\n",
       "      <td>0.728555</td>\n",
       "    </tr>\n",
       "    <tr>\n",
       "      <th>avg_loss</th>\n",
       "      <td>-0.370545</td>\n",
       "      <td>-0.309330</td>\n",
       "      <td>-0.281212</td>\n",
       "      <td>-0.492495</td>\n",
       "      <td>-0.355425</td>\n",
       "      <td>-0.315980</td>\n",
       "      <td>-0.507898</td>\n",
       "      <td>-0.105934</td>\n",
       "      <td>-0.167391</td>\n",
       "      <td>0.022289</td>\n",
       "      <td>-0.172312</td>\n",
       "      <td>1.000000</td>\n",
       "      <td>-0.444107</td>\n",
       "      <td>-0.444182</td>\n",
       "    </tr>\n",
       "    <tr>\n",
       "      <th>rs</th>\n",
       "      <td>0.067201</td>\n",
       "      <td>0.781232</td>\n",
       "      <td>0.790560</td>\n",
       "      <td>0.543756</td>\n",
       "      <td>0.839695</td>\n",
       "      <td>0.850491</td>\n",
       "      <td>0.572009</td>\n",
       "      <td>0.048119</td>\n",
       "      <td>0.138346</td>\n",
       "      <td>0.054357</td>\n",
       "      <td>0.728471</td>\n",
       "      <td>-0.444107</td>\n",
       "      <td>1.000000</td>\n",
       "      <td>0.999865</td>\n",
       "    </tr>\n",
       "    <tr>\n",
       "      <th>rsi_HumidityRatio_750</th>\n",
       "      <td>0.067225</td>\n",
       "      <td>0.781338</td>\n",
       "      <td>0.790666</td>\n",
       "      <td>0.543830</td>\n",
       "      <td>0.839825</td>\n",
       "      <td>0.850606</td>\n",
       "      <td>0.572085</td>\n",
       "      <td>0.048119</td>\n",
       "      <td>0.138361</td>\n",
       "      <td>0.054370</td>\n",
       "      <td>0.728555</td>\n",
       "      <td>-0.444182</td>\n",
       "      <td>0.999865</td>\n",
       "      <td>1.000000</td>\n",
       "    </tr>\n",
       "  </tbody>\n",
       "</table>\n",
       "</div>"
      ],
      "text/plain": [
       "                             ID  Temperature  Humidity     Light       CO2  \\\n",
       "ID                     1.000000    -0.129836  0.126336  0.009064 -0.016860   \n",
       "Temperature           -0.129836     1.000000  0.602086  0.561529  0.765439   \n",
       "Humidity               0.126336     0.602086  1.000000  0.457272  0.756236   \n",
       "Light                  0.009064     0.561529  0.457272  1.000000  0.572656   \n",
       "CO2                   -0.016860     0.765439  0.756236  0.572656  1.000000   \n",
       "HumidityRatio          0.040535     0.749252  0.855223  0.515911  0.846367   \n",
       "Occupancy             -0.019483     0.542966  0.509022  0.841183  0.602233   \n",
       "change                 0.043405     0.013703  0.015602  0.141046  0.018200   \n",
       "gain                   0.018391     0.115672  0.091598  0.249500  0.120511   \n",
       "loss                  -0.053224     0.082642  0.056633 -0.014246  0.077842   \n",
       "avg_gain              -0.070966     0.775576  0.777783  0.431744  0.773691   \n",
       "avg_loss              -0.370545    -0.309330 -0.281212 -0.492495 -0.355425   \n",
       "rs                     0.067201     0.781232  0.790560  0.543756  0.839695   \n",
       "rsi_HumidityRatio_750  0.067225     0.781338  0.790666  0.543830  0.839825   \n",
       "\n",
       "                       HumidityRatio  Occupancy    change      gain      loss  \\\n",
       "ID                          0.040535  -0.019483  0.043405  0.018391 -0.053224   \n",
       "Temperature                 0.749252   0.542966  0.013703  0.115672  0.082642   \n",
       "Humidity                    0.855223   0.509022  0.015602  0.091598  0.056633   \n",
       "Light                       0.515911   0.841183  0.141046  0.249500 -0.014246   \n",
       "CO2                         0.846367   0.602233  0.018200  0.120511  0.077842   \n",
       "HumidityRatio               1.000000   0.552261  0.019252  0.111124  0.067610   \n",
       "Occupancy                   0.552261   1.000000  0.158058  0.274039 -0.024873   \n",
       "change                      0.019252   0.158058  1.000000  0.801303 -0.808208   \n",
       "gain                        0.111124   0.274039  0.801303  1.000000 -0.455959   \n",
       "loss                        0.067610  -0.024873 -0.808208 -0.455959  1.000000   \n",
       "avg_gain                    0.838654   0.458567  0.001038  0.086411  0.089383   \n",
       "avg_loss                   -0.315980  -0.507898 -0.105934 -0.167391  0.022289   \n",
       "rs                          0.850491   0.572009  0.048119  0.138346  0.054357   \n",
       "rsi_HumidityRatio_750       0.850606   0.572085  0.048119  0.138361  0.054370   \n",
       "\n",
       "                       avg_gain  avg_loss        rs  rsi_HumidityRatio_750  \n",
       "ID                    -0.070966 -0.370545  0.067201               0.067225  \n",
       "Temperature            0.775576 -0.309330  0.781232               0.781338  \n",
       "Humidity               0.777783 -0.281212  0.790560               0.790666  \n",
       "Light                  0.431744 -0.492495  0.543756               0.543830  \n",
       "CO2                    0.773691 -0.355425  0.839695               0.839825  \n",
       "HumidityRatio          0.838654 -0.315980  0.850491               0.850606  \n",
       "Occupancy              0.458567 -0.507898  0.572009               0.572085  \n",
       "change                 0.001038 -0.105934  0.048119               0.048119  \n",
       "gain                   0.086411 -0.167391  0.138346               0.138361  \n",
       "loss                   0.089383  0.022289  0.054357               0.054370  \n",
       "avg_gain               1.000000 -0.172312  0.728471               0.728555  \n",
       "avg_loss              -0.172312  1.000000 -0.444107              -0.444182  \n",
       "rs                     0.728471 -0.444107  1.000000               0.999865  \n",
       "rsi_HumidityRatio_750  0.728555 -0.444182  0.999865               1.000000  "
      ]
     },
     "execution_count": 6,
     "metadata": {},
     "output_type": "execute_result"
    }
   ],
   "source": [
    "df.corr(method ='kendall')"
   ]
  },
  {
   "cell_type": "markdown",
   "id": "oriental-uniform",
   "metadata": {},
   "source": [
    "**RSI hesaplayarak ek özellik eklemek istedim. Korelasyonu çok yüksek olan \"HumidityRatio\" özelliğini kullandım. Görüldüğü üzere \"rsi_HumidityRatio_750\" korelasyonu CO2 ile yüksek korelasyona sahip.**"
   ]
  },
  {
   "cell_type": "markdown",
   "id": "valuable-electronics",
   "metadata": {},
   "source": [
    "## model"
   ]
  },
  {
   "cell_type": "code",
   "execution_count": 7,
   "id": "focal-irish",
   "metadata": {},
   "outputs": [],
   "source": [
    "df = df[[\"Temperature\" , \"Humidity\", \"Light\" , \"CO2\" , \"HumidityRatio\"  ,\"rsi_HumidityRatio_750\"]]"
   ]
  },
  {
   "cell_type": "code",
   "execution_count": 8,
   "id": "alleged-manchester",
   "metadata": {},
   "outputs": [],
   "source": [
    "df.head()\n",
    "\n",
    "df = df.iloc[750: , :]\n",
    "\n",
    "#ilk 750 satırı dropladım. çünkü RSI periyodumuz 750. ilk rsi_HumidityRatio_750 satırı NaN değere sahip."
   ]
  },
  {
   "cell_type": "code",
   "execution_count": 9,
   "id": "perceived-sodium",
   "metadata": {},
   "outputs": [
    {
     "data": {
      "text/html": [
       "<div>\n",
       "<style scoped>\n",
       "    .dataframe tbody tr th:only-of-type {\n",
       "        vertical-align: middle;\n",
       "    }\n",
       "\n",
       "    .dataframe tbody tr th {\n",
       "        vertical-align: top;\n",
       "    }\n",
       "\n",
       "    .dataframe thead th {\n",
       "        text-align: right;\n",
       "    }\n",
       "</style>\n",
       "<table border=\"1\" class=\"dataframe\">\n",
       "  <thead>\n",
       "    <tr style=\"text-align: right;\">\n",
       "      <th></th>\n",
       "      <th>Temperature</th>\n",
       "      <th>Humidity</th>\n",
       "      <th>Light</th>\n",
       "      <th>CO2</th>\n",
       "      <th>HumidityRatio</th>\n",
       "      <th>rsi_HumidityRatio_750</th>\n",
       "    </tr>\n",
       "  </thead>\n",
       "  <tbody>\n",
       "    <tr>\n",
       "      <th>Temperature</th>\n",
       "      <td>1.000000</td>\n",
       "      <td>0.723576</td>\n",
       "      <td>0.573890</td>\n",
       "      <td>0.796372</td>\n",
       "      <td>0.840873</td>\n",
       "      <td>0.781338</td>\n",
       "    </tr>\n",
       "    <tr>\n",
       "      <th>Humidity</th>\n",
       "      <td>0.723576</td>\n",
       "      <td>1.000000</td>\n",
       "      <td>0.368346</td>\n",
       "      <td>0.805648</td>\n",
       "      <td>0.884602</td>\n",
       "      <td>0.790666</td>\n",
       "    </tr>\n",
       "    <tr>\n",
       "      <th>Light</th>\n",
       "      <td>0.573890</td>\n",
       "      <td>0.368346</td>\n",
       "      <td>1.000000</td>\n",
       "      <td>0.539869</td>\n",
       "      <td>0.463410</td>\n",
       "      <td>0.543830</td>\n",
       "    </tr>\n",
       "    <tr>\n",
       "      <th>CO2</th>\n",
       "      <td>0.796372</td>\n",
       "      <td>0.805648</td>\n",
       "      <td>0.539869</td>\n",
       "      <td>1.000000</td>\n",
       "      <td>0.868683</td>\n",
       "      <td>0.839825</td>\n",
       "    </tr>\n",
       "    <tr>\n",
       "      <th>HumidityRatio</th>\n",
       "      <td>0.840873</td>\n",
       "      <td>0.884602</td>\n",
       "      <td>0.463410</td>\n",
       "      <td>0.868683</td>\n",
       "      <td>1.000000</td>\n",
       "      <td>0.850606</td>\n",
       "    </tr>\n",
       "    <tr>\n",
       "      <th>rsi_HumidityRatio_750</th>\n",
       "      <td>0.781338</td>\n",
       "      <td>0.790666</td>\n",
       "      <td>0.543830</td>\n",
       "      <td>0.839825</td>\n",
       "      <td>0.850606</td>\n",
       "      <td>1.000000</td>\n",
       "    </tr>\n",
       "  </tbody>\n",
       "</table>\n",
       "</div>"
      ],
      "text/plain": [
       "                       Temperature  Humidity     Light       CO2  \\\n",
       "Temperature               1.000000  0.723576  0.573890  0.796372   \n",
       "Humidity                  0.723576  1.000000  0.368346  0.805648   \n",
       "Light                     0.573890  0.368346  1.000000  0.539869   \n",
       "CO2                       0.796372  0.805648  0.539869  1.000000   \n",
       "HumidityRatio             0.840873  0.884602  0.463410  0.868683   \n",
       "rsi_HumidityRatio_750     0.781338  0.790666  0.543830  0.839825   \n",
       "\n",
       "                       HumidityRatio  rsi_HumidityRatio_750  \n",
       "Temperature                 0.840873               0.781338  \n",
       "Humidity                    0.884602               0.790666  \n",
       "Light                       0.463410               0.543830  \n",
       "CO2                         0.868683               0.839825  \n",
       "HumidityRatio               1.000000               0.850606  \n",
       "rsi_HumidityRatio_750       0.850606               1.000000  "
      ]
     },
     "execution_count": 9,
     "metadata": {},
     "output_type": "execute_result"
    }
   ],
   "source": [
    "df.corr(method ='kendall') "
   ]
  },
  {
   "cell_type": "code",
   "execution_count": 10,
   "id": "numerous-symposium",
   "metadata": {},
   "outputs": [],
   "source": [
    "x_train = df.iloc[0:1532 , :] # %80 train için ayrıldı\n",
    "x_test = df.iloc[1532: , :]"
   ]
  },
  {
   "cell_type": "code",
   "execution_count": 11,
   "id": "meaningful-newspaper",
   "metadata": {},
   "outputs": [
    {
     "name": "stderr",
     "output_type": "stream",
     "text": [
      "/home/hakan/anaconda3/lib/python3.8/site-packages/pandas/core/frame.py:4163: SettingWithCopyWarning: \n",
      "A value is trying to be set on a copy of a slice from a DataFrame\n",
      "\n",
      "See the caveats in the documentation: https://pandas.pydata.org/pandas-docs/stable/user_guide/indexing.html#returning-a-view-versus-a-copy\n",
      "  return super().drop(\n"
     ]
    }
   ],
   "source": [
    "y_train=x_train[[\"CO2\"]]\n",
    "x_train.drop([\"CO2\"],axis=1,inplace=True)\n",
    "\n",
    "\n",
    "y_test=x_test[[\"CO2\"]]\n",
    "x_test.drop([\"CO2\"],axis=1,inplace=True)"
   ]
  },
  {
   "cell_type": "code",
   "execution_count": 12,
   "id": "immediate-voluntary",
   "metadata": {},
   "outputs": [
    {
     "data": {
      "text/html": [
       "<div>\n",
       "<style scoped>\n",
       "    .dataframe tbody tr th:only-of-type {\n",
       "        vertical-align: middle;\n",
       "    }\n",
       "\n",
       "    .dataframe tbody tr th {\n",
       "        vertical-align: top;\n",
       "    }\n",
       "\n",
       "    .dataframe thead th {\n",
       "        text-align: right;\n",
       "    }\n",
       "</style>\n",
       "<table border=\"1\" class=\"dataframe\">\n",
       "  <thead>\n",
       "    <tr style=\"text-align: right;\">\n",
       "      <th></th>\n",
       "      <th>Temperature</th>\n",
       "      <th>Humidity</th>\n",
       "      <th>Light</th>\n",
       "      <th>HumidityRatio</th>\n",
       "      <th>rsi_HumidityRatio_750</th>\n",
       "    </tr>\n",
       "  </thead>\n",
       "  <tbody>\n",
       "    <tr>\n",
       "      <th>750</th>\n",
       "      <td>20.5</td>\n",
       "      <td>22.315000</td>\n",
       "      <td>0.0</td>\n",
       "      <td>0.003322</td>\n",
       "      <td>38.170687</td>\n",
       "    </tr>\n",
       "    <tr>\n",
       "      <th>751</th>\n",
       "      <td>20.5</td>\n",
       "      <td>22.315000</td>\n",
       "      <td>0.0</td>\n",
       "      <td>0.003322</td>\n",
       "      <td>38.170687</td>\n",
       "    </tr>\n",
       "    <tr>\n",
       "      <th>752</th>\n",
       "      <td>20.5</td>\n",
       "      <td>22.356667</td>\n",
       "      <td>0.0</td>\n",
       "      <td>0.003328</td>\n",
       "      <td>38.234037</td>\n",
       "    </tr>\n",
       "    <tr>\n",
       "      <th>753</th>\n",
       "      <td>20.5</td>\n",
       "      <td>22.390000</td>\n",
       "      <td>0.0</td>\n",
       "      <td>0.003333</td>\n",
       "      <td>38.284683</td>\n",
       "    </tr>\n",
       "    <tr>\n",
       "      <th>754</th>\n",
       "      <td>20.5</td>\n",
       "      <td>22.390000</td>\n",
       "      <td>0.0</td>\n",
       "      <td>0.003333</td>\n",
       "      <td>38.284683</td>\n",
       "    </tr>\n",
       "  </tbody>\n",
       "</table>\n",
       "</div>"
      ],
      "text/plain": [
       "     Temperature   Humidity  Light  HumidityRatio  rsi_HumidityRatio_750\n",
       "750         20.5  22.315000    0.0       0.003322              38.170687\n",
       "751         20.5  22.315000    0.0       0.003322              38.170687\n",
       "752         20.5  22.356667    0.0       0.003328              38.234037\n",
       "753         20.5  22.390000    0.0       0.003333              38.284683\n",
       "754         20.5  22.390000    0.0       0.003333              38.284683"
      ]
     },
     "execution_count": 12,
     "metadata": {},
     "output_type": "execute_result"
    }
   ],
   "source": [
    "x_train.head()"
   ]
  },
  {
   "cell_type": "code",
   "execution_count": 13,
   "id": "satisfactory-statement",
   "metadata": {},
   "outputs": [],
   "source": [
    "model = XGBRegressor()\n",
    "\n",
    "xgb_search = model.fit(x_train, y_train)\n",
    "y_pred = model.predict(x_test)\n",
    "\n"
   ]
  },
  {
   "cell_type": "code",
   "execution_count": 14,
   "id": "engaged-perfume",
   "metadata": {},
   "outputs": [],
   "source": [
    "# y_pred series çevirme\n",
    "\n",
    "my_list = map(lambda x: x, y_pred)\n",
    "y_pred = pd.Series(my_list)"
   ]
  },
  {
   "cell_type": "code",
   "execution_count": 15,
   "id": "infrared-startup",
   "metadata": {},
   "outputs": [
    {
     "name": "stdout",
     "output_type": "stream",
     "text": [
      "%20'lik tahminde r2 skoru :  0.9043599336586803\n",
      "Predicted Value :  471.030517578125\n",
      "Actual Value : :  2282    478.0\n",
      "Name: CO2, dtype: float64\n"
     ]
    }
   ],
   "source": [
    "print(\"%20'lik tahminde r2 skoru : \",r2_score(y_test, y_pred))\n",
    "print(\"Predicted Value : \" , y_pred[0]) \n",
    "print(\"Actual Value : : \" , y_test[\"CO2\"][0 : 1])\n",
    "\n",
    "# bir sonraki adımda 7 birimlik bir sapma var\n",
    "# %20'lik r2 skoru 0.90 "
   ]
  },
  {
   "cell_type": "code",
   "execution_count": 16,
   "id": "revised-deviation",
   "metadata": {},
   "outputs": [
    {
     "data": {
      "text/plain": [
       "<AxesSubplot:title={'center':'Gerçek Değerler'}>"
      ]
     },
     "execution_count": 16,
     "metadata": {},
     "output_type": "execute_result"
    },
    {
     "data": {
